N = 4
lambda0 =  6.33000000000000E-07
freq =  4.73605778830964E+14
k0 =  9.92604313930424E+06
Gamma_u = ( 0.00000000000000E+00,  0.00000000000000E+00)
Gamma_d = ( 0.00000000000000E+00,  0.00000000000000E+00)

Layer 1
zu =  2.00000000000000E-06
zd =  5.00000000000000E-07
d =  1.50000000000000E-06
eps = ( 1.00000000000000E+00, -0.00000000000000E+00)
mu = ( 1.00000000000000E+00, -0.00000000000000E+00)
sigma_s = ( 0.00000000000000E+00, -0.00000000000000E+00)
k = ( 9.92604313930424E+06, -0.00000000000000E+00)
eta = ( 3.76730313461771E+02,  0.00000000000000E+00)

Layer 2
zu =  5.00000000000000E-07
zd =  0.00000000000000E+00
d =  5.00000000000000E-07
eps = ( 2.00000000000000E+00, -0.00000000000000E+00)
mu = ( 1.00000000000000E+00, -0.00000000000000E+00)
sigma_s = ( 0.00000000000000E+00, -0.00000000000000E+00)
k = ( 1.40375448283045E+07, -0.00000000000000E+00)
eta = ( 2.66388559327352E+02,  0.00000000000000E+00)

Layer 3
zu =  0.00000000000000E+00
zd = -5.00000000000000E-07
d =  5.00000000000000E-07
eps = ( 1.00000000000000E+01, -0.00000000000000E+00)
mu = ( 1.00000000000000E+00, -0.00000000000000E+00)
sigma_s = ( 0.00000000000000E+00, -0.00000000000000E+00)
k = ( 3.13889044732894E+07, -0.00000000000000E+00)
eta = ( 1.19132585416839E+02,  0.00000000000000E+00)

Layer 4
zu = -5.00000000000000E-07
zd = -2.00000000000000E-06
d =  1.50000000000000E-06
eps = ( 1.00000000000000E+00, -0.00000000000000E+00)
mu = ( 1.00000000000000E+00, -0.00000000000000E+00)
sigma_s = ( 0.00000000000000E+00, -0.00000000000000E+00)
k = ( 9.92604313930424E+06, -0.00000000000000E+00)
eta = ( 3.76730313461771E+02,  0.00000000000000E+00)

